10
0 Ringo Barilla 1.32 3.3 1.43 2.45 2.24 2.03 4.00 3.90 4.92 2.01
1 Baiocco Gullon 1.54 5.2 2.03 2.45 12.04 3.03 1.20 1.90 4.20 1.31
2 Oreo Scotti 1.57 5.22 2.33 2.55 12.44 3.13 1.22 1.91 4.22 1.33
3 Milka Mulino 1.22 9.2 10.03 5.45 13.04 7.03 8.00 1.91 4.32 2.01
4 Black Mepa 1.74 5.2 32.03 2.45 32.04 13.03 11.20 11.90 14.20 11.31
5 White Sigma 1.52 3.3 1.43 2.45 2.24  3.03 1.20 1.90 4.20 1.31
6 Limonce Deco 1.67 5.22 3.33 2.55 12.44 3.13 1.22 1.91 4.22 1.33
7 Twix Conad 1.84 5.2 2.03 2.45 12.04 3.03 1.20 1.90 4.20 1.31
8 Mars Ferrero 1.03 1.20 1.90 4.20 1.31 3.13 1.22 1.91 4.22 1.33
9 Lion Pam 1.13 1.20 1.90 4.20 1.31 6.03 7.00 2.90 4.12 1.01